[ 4539.926727] [Project1] 2711 1588102981.043183142 1588102981.804952601
[ 4541.371205] [Project1] 2712 1588102982.507822317 1588102983.249454781
[ 4542.699374] [Project1] 2713 1588102983.902618320 1588102984.577629941
[ 4544.063089] [Project1] 2714 1588102985.215813557 1588102985.941349063
[ 4545.494241] [Project1] 2715 1588102986.652234393 1588102987.372485108
[ 4547.006917] [Project1] 2716 1588102988.126721953 1588102988.885210265
[ 4548.474743] [Project1] 2717 1588102989.630483576 1588102990.353049381
[ 4549.904868] [Project1] 2718 1588102991.056936234 1588102991.783175339
[ 4551.353495] [Project1] 2719 1588102992.511811039 1588102993.231818111
[ 4552.836705] [Project1] 2720 1588102993.965517169 1588102994.715039172
